162 60  179 95
161 61  178 96
162 61  179 96
163 61  180 96
140 62  157 97
141 62  158 97
142 62  159 97
159 62  176 97
160 62  177 97
161 62  178 97
162 62  179 97
163 62  180 97
176 62  193 97
177 62  194 97
178 62  195 97
140 63  157 98
141 63  158 98
142 63  159 98
143 63  160 98
159 63  176 98
160 63  177 98
161 63  178 98
162 63  179 98
163 63  180 98
175 63  192 98
176 63  193 98
177 63  194 98
178 63  195 98
179 63  196 98
139 64  156 99
140 64  157 99
141 64  158 99
142 64  159 99
143 64  160 99
144 64  161 99
158 64  175 99
159 64  176 99
160 64  177 99
161 64  178 99
162 64  179 99
163 64  180 99
164 64  181 99
175 64  192 99
176 64  193 99
177 64  194 99
178 64  195 99
179 64  196 99
180 64  197 99
140 65  157 100
141 65  158 100
142 65  159 100
143 65  160 100
144 65  161 100
158 65  175 100
159 65  176 100
160 65  177 100
161 65  178 100
162 65  179 100
163 65  180 100
164 65  181 100
175 65  192 100
176 65  193 100
177 65  194 100
178 65  195 100
179 65  196 100
180 65  197 100
141 66  158 101
142 66  159 101
143 66  160 101
144 66  161 101
160 66  177 101
161 66  178 101
162 66  179 101
163 66  180 101
176 66  193 101
177 66  194 101
178 66  195 101
179 66  196 101
177 67  194 102
178 67  195 102
179 67  196 102
